3,2
3,1
3,3
10,164
10,246
10,154
10,143
10,80
10,282
10,2
10,3
11,24
11,8
11,11
11,25
11,17
11,15
11,2
11,3
9,7
9,2
9,3
8,7
8,11
8,15
8,4
8,2
8,3
0,318
12,2
12,1
12,3
38,7
38,5
38,4
38,3
38,1
37,5
37,4
37,3
37,1
36,127
36,126
36,125
36,124
36,123
36,122
36,121
36,120
36,119
36,118
36,117
36,116
36,115
36,114
36,113
36,112
36,111
36,110
36,109
36,108
36,107
36,106
36,105
36,104
36,103
36,102
36,101
36,100
36,99
36,98
36,97
36,96
36,95
36,94
36,93
36,92
36,91
36,90
36,89
36,88
36,87
36,86
36,85
36,84
36,83
36,82
36,81
36,80
36,79
36,78
36,77
36,76
36,75
36,74
36,73
36,72
36,71
36,70
36,69
36,68
36,67
36,66
36,65
36,64
36,37
36,36
36,35
36,34
36,7
36,6
36,5
36,4
36,3
36,2
36,1
36,0
34,5
34,1
20,3
20,2
20,1
